O3V 44900 4.652 -4.01 5.82 -9.81 13.43 -5.80 -0.330 59
O4V 42900 4.632 -3.89 5.65 -9.39 12.13 -5.50 -0.326 48
O5V 41400 4.617 -3.76 5.54 -9.11 11.45 -5.35 -0.323 43
O5.5V 40500 4.607 -3.67 5.44 -8.87 10.71 -5.20 -0.322 38
O6V 39500 4.597 -3.57 5.36 -8.67 10.27 -5.10 -0.321 35
O6.5V 38300 4.583 -3.49 5.27 -8.44 9.82 -4.95 -0.319 31
O7V 37100 4.569 -3.41 5.18 -8.21 9.42 -4.80 -0.318 28
O7.5V 36100 4.558 -3.33 5.09 -7.98 8.95 -4.65 -0.317 26
O8V 35100 4.545 -3.24 4.99 -7.74 8.47 -4.50 -0.315 23.6
O8.5V 34300 4.535 -3.18 4.91 -7.53 8.06 -4.35 -0.314 21.9
O9V 33300 4.522 -3.11 4.82 -7.31 7.72 -4.20 -0.312 20.2
O9.5V 31900 4.504 -3.01 4.72 -7.06 7.50 -4.05 -0.307 18.7
B0V 31400 4.497 -2.99 4.65 -6.89 7.16 -3.90 -0.301 17.7
B0.5V 29000 4.462 -2.83 4.43 -6.33 6.48 -3.50 -0.289 14.8
B1V 26000 4.415 -2.58 4.13 -5.58 5.71 -3.00 -0.278 11.8
B1.5V 24500 4.389 -2.44 3.91 -5.04 5.02 -2.60 -0.252 9.9
B2V 20600 4.314 -2.03 3.43 -3.83 4.06 -1.80 -0.215 7.3
B2.5V 18500 4.267 -1.77 3.20 -3.27 3.89 -1.50 -0.198 6.1
B3V 17000 4.230 -1.54 2.99 -2.74 3.61 -1.20 -0.178 5.4
B4V 16400 4.215 -1.49 2.89 -2.49 3.46 -1.00 -0.165 5.1
B5V 15700 4.196 -1.34 2.77 -2.19 3.36 -0.85 -0.156 4.7
B6V 14500 4.161 -1.13 2.57 -1.68 3.27 -0.55 -0.140 4.3   
B7V 14000 4.146 -1.05 2.48 -1.45 2.94 -0.40 -0.128 3.92
B8V 12300 4.090 -0.73 2.19 -0.73 2.86 0.00 -0.109 3.38
B9V 10700 4.029 -0.42 1.86 0.08 2.49 0.50 -0.070 2.75
B9.5V 10400 4.017 -0.36 1.80 0.24 2.45 0.60 -0.050 2.68
A0V 9700 3.987 -0.21 1.58 0.78 2.193 0.99 0.000 2.18
A1V 9300 3.968 -0.14 1.49 1.02 2.136 1.16 0.035 2.05
A2V 8800 3.944 -0.07 1.38 1.28 2.117 1.35 0.070 1.98
A3V 8600 3.934 -0.04 1.23 1.66 1.861 1.70 0.100 1.86
A4V 8250 3.917 -0.02 1.13 1.92 1.794 1.94 0.140 1.93
A5V 8100 3.908 0.00 1.09 2.01 1.785 2.01 0.160 1.88
A6V 7910 3.898 0.005 1.05 2.13 1.775 2.12 0.185 1.83
A7V 7760 3.890 0.01 1.00 2.24 1.750 2.23 0.210 1.77  
A8V 7590 3.880 0.02 0.96 2.34 1.747 2.32 0.250 1.81  
A9V 7400 3.869 0.02 0.92 2.45 1.747 2.43 0.270 1.75
F0V 7220 3.859 0.01 0.86 2.58 1.728 2.57 0.295 1.61
F1V 7020 3.846 0.005 0.79 2.77 1.679 2.76 0.330 1.50
F2V 6820 3.834 -0.005 0.71 2.97 1.622 2.97 0.370 1.46
F3V 6750 3.829 -0.01 0.67 3.07 1.578 3.08 0.390 1.44
F4V 6670 3.824 -0.015 0.62 3.19 1.533 3.20 0.410 1.38
F5V 6550 3.816 -0.02 0.56 3.35 1.473 3.37 0.440 1.33
F6V 6350 3.803 -0.03 0.43 3.66 1.359 3.69 0.486 1.25
F7V 6280 3.798 -0.035 0.39 3.77 1.324 3.80 0.500 1.21
F8V 6180 3.791 -0.04 0.29 4.01 1.221 4.05 0.530 1.18 
F9V 6050 3.782 -0.05 0.22 4.20 1.167 4.25 0.560 1.13  
F9.5V 5990 3.777 -0.06 0.18 4.29 1.142 4.35 0.580 1.08
G0V 5930 3.773 -0.065 0.13 4.42 1.100 4.48 0.595 1.06   
G1V 5860 3.768 -0.073 0.08 4.55 1.060 4.62 0.622 1.03  
G2V 5770 3.761 -0.085 0.01 4.72 1.012 4.80 0.650 1.00  
G3V 5720 3.757 -0.095 -0.01 4.78 1.002 4.87 0.660 0.99  
G4V 5680 3.754 -0.10 -0.04 4.83 0.991 4.93 0.670 0.985  
G5V 5660 3.753 -0.105 -0.05 4.88 0.977 4.98 0.680 0.98
G6V 5600 3.748 -0.115 -0.10 4.99 0.949 5.10 0.700 0.97 
G7V 5550 3.744 -0.125 -0.13 5.08 0.927 5.20 0.710 0.95
G8V 5480 3.739 -0.14 -0.17 5.16 0.914 5.30 0.730 0.94
G9V 5380 3.731 -0.16 -0.26 5.39 0.853 5.55 0.775 0.90
K0V 5270 3.723 -0.195 -0.34 5.59 0.813 5.78 0.816 0.88
K1V 5170 3.713 -0.23 -0.39 5.72 0.797 5.95 0.857 0.86
K2V 5100 3.708 -0.26 -0.43 5.81 0.783 6.07 0.884 0.82
K3V 4830 3.684 -0.375 -0.55 6.13 0.755 6.50 0.990 0.78
K4V 4600 3.663 -0.52 -0.69 6.46 0.713 6.98 1.090 0.73
K5V 4440 3.647 -0.63 -0.76 6.65 0.701 7.28 1.150 0.70
K6V 4300 3.633 -0.75 -0.86 6.89 0.669 7.64 1.240 0.69
K7V 4100 3.613 -0.93 -1.00 7.23 0.630 8.16 1.340 0.64
K8V 3990 3.601 -1.03 -1.06 7.40 0.615 8.43 1.363 0.62
K9V 3930 3.594 -1.07 -1.10 7.49 0.608 8.56 1.400 0.59
M0V 3850 3.585 -1.15 -1.16 7.65 0.588 8.80 1.420 0.57
M0.5V 3770 3.576 -1.29 -1.27 7.91 0.544 9.20 1.445 0.54
M1V 3660 3.563 -1.42 -1.39 8.22 0.501 9.64 1.485 0.50
M1.5V 3620 3.559 -1.50 -1.44 8.35 0.482 9.85 1.495 0.47
M2V 3560 3.551 -1.62 -1.54 8.59 0.446 10.21 1.505 0.44
M2.5V 3470 3.540 -1.78 -1.64 8.82 0.421 10.61 1.522 0.40
M3V 3430 3.535 -1.93 -1.79 9.21 0.361 11.15 1.53 0.37
M3.5V 3270 3.515 -2.28 -2.03 9.82 0.300 12.10 1.60 0.27
M4V 3210 3.507 -2.51 -2.14 10.10 0.274 12.61 1.65 0.23
M4.5V 3110 3.493 -2.84 -2.40 10.74 0.217 13.58 1.69 0.184
M5V 3060 3.486 -3.11 -2.52 11.04 0.196 14.15 1.83 0.162
M5.5V 2930 3.467 -3.58 -2.79 11.72 0.156 15.30 1.94 0.123
M6V 2810 3.449 -4.13 -2.98 12.19 0.137 16.32 2.01 0.102
M6.5V 2740 3.438 -4.62 -3.10 12.48 0.126 17.10 2.07 0.093
M7V 2680 3.428 -4.99 -3.19 12.71 0.120 17.70 2.12 0.090
M7.5V 2630 3.420 -5.32 -3.24 12.84 0.116 18.16 2.14 0.088
M8V 2570 3.410 -5.65 -3.28 12.95 0.114 18.60 2.15 0.085
M8.5V 2420 3.384 -5.78 -3.47 13.42 0.104 19.20 2.16 0.080
M9V 2380 3.377 -5.86 -3.52 13.54 0.102 19.40 2.17 0.079